0,0,0
0,0,0
-6599.72,-6599.72,-6599.72
-16005,-16005,-16005
-24012.2,-24012.2,-24012.2
-26161.4,-26161.4,-26161.4
-31349.3,-31349.3,-31349.3
-33285.6,-33285.6,-33285.6
-37600.4,-37600.4,-37600.4
-39758.9,-39758.9,-39758.9
-43462.8,-43462.8,-43462.8
-44616.6,-44616.6,-44616.6
-46841,-46841,-46841
-48301,-48301,-48301
-48338.4,-48338.4,-48338.4
-48329.5,-48329.5,-48329.5
-48160.9,-48160.9,-48160.9
-47044.6,-47044.6,-47044.6
-45936.8,-45936.8,-45936.8
-41193.9,-41193.9,-41193.9
-36630.8,-36630.8,-36630.8
-36390.3,-36390.3,-36390.3
-36240.3,-36240.3,-36240.3
-35665,-35665,-35665
-29664.7,-29664.7,-29664.7
-28636.7,-28636.7,-28636.7
-26375,-26375,-26375
-17422.8,-17422.8,-17422.8
-16640.7,-16640.7,-16640.7
-16133.2,-16133.2,-16133.2
-15084.7,-15084.7,-15084.7
-5114.61,-5114.61,-5114.61
-4774.28,-4774.28,-4774.28
-4504.89,-4504.89,-4504.89
-4207.46,-4207.46,-4207.46
-3785.98,-3785.98,-3785.98
-3410.64,-3410.64,-3410.64
-2221.03,-2221.03,-2221.03
10999.9,10999.9,10999.9
12278.3,12278.3,12278.3
30314.5,30314.5,30314.5
30713.8,30713.8,30713.8
31098.1,31098.1,31098.1
34343.4,34343.4,34343.4
44555.7,44555.7,44555.7
47673.1,47673.1,47673.1
60417.5,60417.5,60417.5
61175.4,61175.4,61175.4
64747.4,64747.4,64747.4
76910.7,76910.7,76910.7
77984.7,77984.7,77984.7
81481.8,81481.8,81481.8
91134.6,91134.6,91134.6
102066,102066,102066
103426,103426,103426
112968,112968,112968
115064,115064,115064
123099,123099,123099
132431,132431,132431
132775,132775,132775
134475,134475,134475
140421,140421,140421
142312,142312,142312
146708,146708,146708
148395,148395,148395
151489,151489,151489
151777,151777,151777
152619,152619,152619
154392,154392,154392
154624,154624,154624
155273,155273,155273
155342,155342,155342
154557,154557,154557
154125,154125,154125
151756,151756,151756
150754,150754,150754
146936,146936,146936
145279,145279,145279
140244,140244,140244
138077,138077,138077
131375,131375,131375
130965,130965,130965
128887,128887,128887
120773,120773,120773
117460,117460,117460
108820,108820,108820
104582,104582,104582
94549.1,94549.1,94549.1
81388.4,81388.4,81388.4
79402.7,79402.7,79402.7
66353.2,66353.2,66353.2
62775.6,62775.6,62775.6
49845.7,49845.7,49845.7
45731.8,45731.8,45731.8
33642,33642,33642
28372,28372,28372
15457.5,15457.5,15457.5
1393.87,1393.87,1393.87
-2423.08,-2423.08,-2423.08
-15917.9,-15917.9,-15917.9
-19329.6,-19329.6,-19329.6
-31987.8,-31987.8,-31987.8
-35906.4,-35906.4,-35906.4
-47278.1,-47278.1,-47278.1
-51191.4,-51191.4,-51191.4
-61719.7,-61719.7,-61719.7
-65405.6,-65405.6,-65405.6
-74874.8,-74874.8,-74874.8
-78002.9,-78002.9,-78002.9
-86266.5,-86266.5,-86266.5
-88643.5,-88643.5,-88643.5
-95151.7,-95151.7,-95151.7
-97193.6,-97193.6,-97193.6
-102012,-102012,-102012
-103227,-103227,-103227
-106270,-106270,-106270
-107040,-107040,-107040
-108067,-108067,-108067
-108232,-108232,-108232
-107101,-107101,-107101
-106727,-106727,-106727
-103350,-103350,-103350
-102490,-102490,-102490
-97000.4,-97000.4,-97000.4
-95622.7,-95622.7,-95622.7
-87954.8,-87954.8,-87954.8
-86115.6,-86115.6,-86115.6
-77339.5,-77339.5,-77339.5
-73901,-73901,-73901
-63377.5,-63377.5,-63377.5
-59356.3,-59356.3,-59356.3
-47909.2,-47909.2,-47909.2
-42843.1,-42843.1,-42843.1
-29890.7,-29890.7,-29890.7
-13692.8,-13692.8,-13692.8
-9969.85,-9969.85,-9969.85
4673.54,4673.54,4673.54
6627.64,6627.64,6627.64
10519.8,10519.8,10519.8
26596.2,26596.2,26596.2
33393.3,33393.3,33393.3
48652.1,48652.1,48652.1
50438.4,50438.4,50438.4
55472.5,55472.5,55472.5
70995,70995,70995
72969.3,72969.3,72969.3
78189.9,78189.9,78189.9
95082.4,95082.4,95082.4
112782,112782,112782
117252,117252,117252
133987,133987,133987
138931,138931,138931
154685,154685,154685
158805,158805,158805
172419,172419,172419
177614,177614,177614
189362,189362,189362
190698,190698,190698
201679,201679,201679
204427,204427,204427
213839,213839,213839
216557,216557,216557
223317,223317,223317
225730,225730,225730
230242,230242,230242
231719,231719,231719
233852,233852,233852
234411,234411,234411
233981,233981,233981
233653,233653,233653
230414,230414,230414
229294,229294,229294
223918,223918,223918
221517,221517,221517
213371,213371,213371
201924,201924,201924
199614,199614,199614
185995,185995,185995
183039,183039,183039
168774,168774,168774
163610,163610,163610
148002,148002,148002
146096,146096,146096
141301,141301,141301
124611,124611,124611
122360,122360,122360
116873,116873,116873
97119,97119,97119
72209.2,72209.2,72209.2
69440.2,69440.2,69440.2
44442.3,44442.3,44442.3
40363,40363,40363
15654.5,15654.5,15654.5
10947.6,10947.6,10947.6
-11959.8,-11959.8,-11959.8
-18911,-18911,-18911
-41240.4,-41240.4,-41240.4
-48288.5,-48288.5,-48288.5
-68922.2,-68922.2,-68922.2
-76859.4,-76859.4,-76859.4
-96448,-96448,-96448
-117934,-117934,-117934
-121745,-121745,-121745
-140097,-140097,-140097
-144740,-144740,-144740
-160119,-160119,-160119
-164918,-164918,-164918
-177495,-177495,-177495
-182049,-182049,-182049
-191385,-191385,-191385
-192782,-192782,-192782
-195197,-195197,-195197
-202305,-202305,-202305
-207290,-207290,-207290
-208154,-208154,-208154
-209631,-209631,-209631
-209827,-209827,-209827
-208071,-208071,-208071
-202956,-202956,-202956
-201627,-201627,-201627
-193848,-193848,-193848
-190972,-190972,-190972
-179574,-179574,-179574
-175827,-175827,-175827
-161458,-161458,-161458
-156390,-156390,-156390
-139770,-139770,-139770
-137137,-137137,-137137
-132981,-132981,-132981
-114813,-114813,-114813
-112010,-112010,-112010
-106276,-106276,-106276
-83501.3,-83501.3,-83501.3
-56764.8,-56764.8,-56764.8
-50938.2,-50938.2,-50938.2
-24896.6,-24896.6,-24896.6
-16063.6,-16063.6,-16063.6
10383.2,10383.2,10383.2
20963.3,20963.3,20963.3
49102.2,49102.2,49102.2
79560.6,79560.6,79560.6
87218.2,87218.2,87218.2
116871,116871,116871
125977,125977,125977
155654,155654,155654
163690,163690,163690
191536,191536,191536
200024,200024,200024
224735,224735,224735
228532,228532,228532
234078,234078,234078
258247,258247,258247
265891,265891,265891
287414,287414,287414
308372,308372,308372
312301,312301,312301
329211,329211,329211
333242,333242,333242
346045,346045,346045
349309,349309,349309
358086,358086,358086
360215,360215,360215
364632,364632,364632
365507,365507,365507
365450,365450,365450
365155,365155,365155
360403,360403,360403
358852,358852,358852
349463,349463,349463
346704,346704,346704
332699,332699,332699
328613,328613,328613
309620,309620,309620
305093,305093,305093
283603,283603,283603
276282,276282,276282
251988,251988,251988
242222,242222,242222
218345,218345,218345
213849,213849,213849
179393,179393,179393
173631,173631,173631
139255,139255,139255
129103,129103,129103
93589.8,93589.8,93589.8
81294.9,81294.9,81294.9
45424.4,45424.4,45424.4
3936.81,3936.81,3936.81
-3928.28,-3928.28,-3928.28
-42268.9,-42268.9,-42268.9
-53773.5,-53773.5,-53773.5
-90377.7,-90377.7,-90377.7
-103834,-103834,-103834
-135828,-135828,-135828
-141735,-141735,-141735
-150939,-150939,-150939
-185583,-185583,-185583
-219702,-219702,-219702
-228061,-228061,-228061
-259069,-259069,-259069
-267405,-267405,-267405
-291317,-291317,-291317
-295574,-295574,-295574
-301671,-301671,-301671
-324174,-324174,-324174
-343994,-343994,-343994
-348281,-348281,-348281
-363083,-363083,-363083
-366081,-366081,-366081
-375153,-375153,-375153
-377036,-377036,-377036
-380210,-380210,-380210
-380706,-380706,-380706
-380706,-380706,-380706
-380706,-380706,-380706
-380706,-380706,-380706
-380706,-380706,-380706
-380706,-380706,-380706
-380706,-380706,-380706
-380706,-380706,-380706
-380706,-380706,-380706
-380706,-380706,-380706
-380706,-380706,-380706
-380706,-380706,-380706
-380706,-380706,-380706
-380706,-380706,-380706
-380706,-380706,-380706
-380706,-380706,-380706
-380706,-380706,-380706
-380706,-380706,-380706
-380706,-380706,-380706
-380706,-380706,-380706
-380706,-380706,-380706
-380706,-380706,-380706
-380706,-380706,-380706
-380706,-380706,-380706
-380706,-380706,-380706
-380706,-380706,-380706
-380706,-380706,-380706
-380706,-380706,-380706
-380706,-380706,-380706
-380706,-380706,-380706
-380706,-380706,-380706
-380706,-380706,-380706
-380706,-380706,-380706
-380706,-380706,-380706
-380706,-380706,-380706
-380706,-380706,-380706
-380706,-380706,-380706
-380706,-380706,-380706
-380706,-380706,-380706
-380706,-380706,-380706
-380706,-380706,-380706
-380706,-380706,-380706
-380706,-380706,-380706
-380706,-380706,-380706
-380706,-380706,-380706
-380706,-380706,-380706
-380706,-380706,-380706
-380706,-380706,-380706